R = -1.5707963267948966, 1.5861961113210856,0.5174901606659535, -0.9879447774660488, 0.47045461680009526
L = -1.5707963267948966, 1.5553965422687077,0.5174901606659535, -0.9879447774660488, 0.47045461680009526
